100 33342  27797
200 81573  64263
300 111477  89127
400 165271  139891
500 183603  149141
600 303534  232321
700 249421  200403
800 283211  231005
900 334488  258173
1000 368550  288918
1100 394109  309101
1200 426487  332499
1300 463580  371495
1400 510720  398318
1500 538170  420069
1600 593883  456349
1700 627944  485597
1800 660143  512459
1900 689004  537676
2000 743735  572289
2100 775880  594157
2200 816635  632190
2300 870316  674168
2400 895157  697447
2500 968339  742632
2600 975780  756476
2700 1023282  781744
2800 1049806  804730
2900 1091671  826167
3000 1115833  862521
3100 1163860  886421
3200 1173585  896432
3300 1221669  928056
3400 1300234  996702
3500 1349275  1032880
3600 1381934  1042844
3700 1381198  1051715
3800 1420215  1075355
3900 1472045  1112735
4000 1530952  1180055
4100 1532603  1172028
4200 1594134  1213151
4300 1624846  1239876
4400 1712712  1306863
4500 1723839  1321942
4600 1781265  1350441
4700 1847900  1402441
4800 1898142  1432467
4900 1881036  1425375
5000 1923362  1460333
5100 1945727  1496774
5200 1969313  1486539
5300 2008439  1514092
5400 2064048  1573459
5500 2149435  1636437
5600 2176630  1662049
5700 2193518  1631925
5800 2229345  1677902
5900 2245668  1694036
6000 2273032  1721369
6100 2302159  1726600
6200 2337759  1753975
6300 2408036  1818173
6400 2462489  1852988
6500 2484722  1860673
6600 2538147  1902100
6700 2600241  1949748
6800 2595313  1954199
6900 2661743  2006549
7000 2687032  2017979
7100 2722798  2045833
7200 2924256  2217144
7300 2865066  2183611
7400 2892144  2165607
7500 2916524  2180451
7600 2938499  2220864
7700 2995820  2256820
7800 3034783  2266038
7900 3104763  2321968
8000 3135924  2344026
8100 3145505  2381278
8200 3173839  2387290
8300 3325860  2537487
8400 3451004  2713990
8500 3401599  2500951
8600 3358456  2501924
8700 3403871  2551150
8800 3465585  2587896
8900 3546769  2694228
9000 3558368  2665387
9100 3618861  2720862
9200 3646343  2713986
9300 3721158  2791121
9400 3721369  2766185
9500 3875284  2904225
9600 3819571  2886188
9700 3890388  2886294
9800 3899135  2929733
9900 3947053  2941398
