100 16131  15759
200 39359  39385
300 73528  61319
400 101203  89636
500 111574  104933
600 167082  149057
700 162948  151315
800 190423  176842
900 217040  199567
1000 244068  220148
1100 271998  246882
1200 298446  271975
1300 330814  296206
1400 356164  318816
1500 389243  350642
1600 418914  372415
1700 446328  394666
1800 474097  418018
1900 511130  446212
2000 540721  470216
2100 563525  495814
2200 602338  525031
2300 637573  553089
2400 659100  582957
2500 691810  600957
2600 717451  627869
2700 754831  656283
2800 784163  676478
2900 809486  711174
3000 842261  730340
3100 877217  760463
3200 903407  782702
3300 935789  809380
3400 978766  838518
3500 1007390  862223
3600 1032902  886240
3700 1061140  910724
3800 1103553  940544
3900 1137481  964157
4000 1165257  996019
4100 1191703  1010253
4200 1267639  1062023
4300 1260106  1067568
4400 1296070  1094798
4500 1328218  1124416
4600 1355461  1154309
4700 1392109  1179822
4800 1423515  1206735
4900 1491993  1260267
5000 1489525  1260811
5100 1531088  1288624
5200 1568771  1317507
5300 1586474  1344718
5400 1630125  1377559
5500 1658692  1402951
5600 1689012  1421749
5700 1722426  1460534
5800 1759735  1481286
5900 1798315  1524072
6000 1831171  1538187
6100 1857643  1567257
6200 1904136  1597956
6300 1930755  1622856
6400 1965324  1647672
6500 2007035  1675261
6600 2036997  1709725
6700 2065661  1731789
6800 2105496  1766902
6900 2139016  1790325
7000 2171472  1816793
7100 2204838  1837672
7200 2279953  1909591
7300 2288331  1908554
7400 2323156  1948364
7500 2354550  1964801
7600 2375897  1976318
7700 2420464  2018266
7800 2456119  2044579
7900 2781444  2291235
8000 2537800  2092806
8100 2554033  2114192
8200 2593684  2147962
8300 2687397  2258985
8400 2726268  2251718
8500 2702318  2247555
8600 2730789  2277030
8700 2768950  2300002
8800 2798375  2322300
8900 2840553  2353965
9000 2873853  2381387
9100 2931316  2447798
9200 2949204  2457617
9300 2991590  2472681
9400 3010940  2498258
9500 3100728  2567430
9600 3114196  2605590
9700 3130000  2597474
9800 3158380  2611854
9900 3205516  2638793
