200
400
400
300
400
500
600
500
500
600
400
600
600
600
600
500
500
500
700
800
800
900
800
800
900
900
900
1200
1400
2100
1500
1600
1500
1200
1300
1200
1300
1600
1500
1200
1500
1500
1400
1700
1400
1300
1400
1200
1500
1500
1500
1400
1700
1300
1500
1300
1400
1400
1500
1500
1500
1600
1500
1600
2300
2000
1700
1800
1600
1900
1600
2000
2100
2500
2100
2200
2300
2100
2200
2200
2100
2200
2400
2100
2200
2300
2200
2300
2500
2300
2300
2600
2500
2500
2700
1800
2200
2200
2300
2200
2100
2100
2500
2300
2500
2800
2200
2500
2800
2700
2700
2600
2900
2600
3000
2700
2900
2900
2800
2500
3200
2900
2500
3200
3000
2600
3200
3100
3500
3200
3500
3200
3400
3500
3500
4100
3800
3500
3600
4000
3700
3600
3600
4200
3800
4000
3800
4300
3700
4000
4100
4000
3600
3900
4300
4100
3900
4400
4100
3900
4100
4000
4300
4300
3800
4600
4400
4400
4200
5000
3900
3800
3700
3900
4700
3800
3800
3900
4500
4000
3700
3900
4000
4100
3800
4000
4200
4200
5000
4300
4300
4300
4500
4300
4400
4500
4900
4200
4100
4000
4300
4400
4400
4500
4400
4600
4400
4400
4900
4600
4500
4600
4700
5200
4900
5000
4900
4800
5000
4800
4900
4800
5300
5400
5300
5600
5800
5800
5700
5900
6000
5900
5800
5900
6100
6000
5900
6100
6100
5900
6700
6500
5900
5900
6200
6300
6400
6400
6400
6100
6400
6300
6900
6300
6400
6300
6100
6700
6700
6900
6700
6800
6800
6700
6900
7200
7000
6900
6900
6700
7100
7100
11900
7300
7100
7700
6900
6700
6700
6400
7100
7100
7100
7100
6800
7100
7800
6600
6800
7000
7000
6800
6700
6800
6900
7000
7100
7200
6900
7300
7100
7400
7200
7200
7100
7800
7800
7700
7700
8300
7700
7700
7900
8000
7900
8000
8100
8700
6500
6400
6600
6900
6800
6900
6700
6700
7000
7000
7000
7000
7200
7000
7300
7000
7000
7000
6800
7000
7900
7300
7200
7300
7600
7600
7500
7400
7300
7500
7500
7300
7600
7300
7800
7700
7800
7700
7500
7900
7800
8800
7900
7900
12100
8100
8000
8000
7900
8400
8200
8100
8100
8200
8500
8300
8100
8400
8400
9000
8100
7900
8000
8300
8200
8200
8100
8600
8000
8300
8600
8400
8200
8500
8500
9000
8300
8400
8600
8900
8600
8700
8700
8800
8800
8900
8800
8900
8800
8600
8900
9100
9000
9000
9000
9000
9700
9400
9100
9200
9200
9400
9400
9300
9100
9500
9600
10200
9400
9500
9700
9300
9700
9700
9800
9600
9700
10400
10500
10500
10700
10900
10600
11000
10800
10900
11000
10900
15600
11000
10800
11100
10900
11100
11100
10900
11100
11700
11300
11100
11200
11600
11600
11700
11700
11700
11800
11800
12000
11800
11800
11900
12000
12800
12000
11900
12000
12700
12300
12400
12500
12600
12400
12700
12900
13000
12300
12800
12800
13000
12400
13500
12500
12100
12200
12700
12500
12500
12600
12300
20900
18800
12900
12800
44600
50800
22500
19100
20700
17900
21000
24500
23500
21500
22900
27100
21600
22300
22400
22100
21300
22300
22000
22500
22600
20700
22600
23700
21800
22800
21000
27700
19900
26600
14800
14400
14600
14300
14500
14500
14900
20100
14700
14500
27300
13200
12700
18700
24900
13700
13800
21900
14000
13700
28200
27900
25700
31400
27200
15400
15500
14400
14000
61900
14400
13900
13900
14400
14300
14200
14200
14800
14400
14500
14400
14600
14500
14600
14500
15600
14700
14000
14500
14000
14000
14700
14900
14900
15000
14800
15100
14900
15000
15100
14900
14700
15300
15200
15300
15300
15900
14500
14100
14500
14800
15000
15000
15100
15000
15300
16900
15000
15200
15500
14900
15300
15300
15300
15200
15400
16200
15400
15600
15600
16200
16100
16000
16000
16300
15600
16100
54700
16700
16400
16100
16500
16300
16600
17000
19100
17700
17100
20400
15500
18200
15200
13200
13200
13100
13100
16500
13300
13200
13300
13300
13300
14200
13500
13500
13600
13900
13900
13900
13900
14200
14100
14100
14100
14100
14200
14200
14100
13500
14500
17500
14400
13800
13400
14600
14500
14900
14700
14800
14600
14500
14700
15000
15000
14800
15100
14700
15200
14400
15300
15100
15300
14200
15100
15900
15200
15300
15300
15700
15600
15600
15600
15900
15900
15800
15900
16000
16000
16000
16000
79800
15400
15500
15600
15800
15700
15800
15800
16000
15500
15800
15900
15700
15700
16000
16100
16200
16200
16100
16600
16200
16300
16100
16600
16500
16300
16500
16400
16700
16800
16600
16700
16800
16800
17000
16800
16900
16800
17600
15500
15400
15600
16200
16000
15700
15800
16100
16000
15800
16200
16100
16300
16100
16500
16600
16800
15600
16300
16400
16100
16400
16900
16800
16600
16500
16900
16600
16800
16600
16700
16800
17000
17300
17100
16900
17100
17800
16400
16900
16800
17000
17500
17300
17200
17400
17400
17600
17500
17500
17700
17900
16600
20000
30600
32000
18500
17900
18000
18000
18500
18400
18500
18600
18700
17200
18500
18600
18700
18900
18900
18800
17700
19200
19800
18400
18300
18800
18400
18600
18500
18600
18600
18800
18200
18600
18700
18800
18700
18800
19000
18700
18900
18800
19400
18900
19000
18900
18700
19500
19300
19500
19600
19500
19700
19500
19700
19800
20000
20400
20500
39200
20600
20800
20600
21300
21000
21200
21000
21500
21000
20800
21300
21400
21800
21300
21400
21200
21600
21900
22700
21500
21800
21900
21900
22400
22100
22400
22300
22100
22400
22300
22500
22400
22400
22400
23200
22000
22900
22700
23500
22200
22600
22600
22800
22400
23200
23100
23000
23100
23000
23200
23300
23200
23200
23200
23100
23400
23500
23400
24200
22900
23800
23800
23700
24300
24200
24200
24300
24200
24200
23700
24400
24400
24300
24400
24400
24400
25800
24200
24400
26600
24600
24600
24500
24400
24500
24700
24600
24700
24500
24700
25000
25200
25000
25000
25400
25000
25300
25000
27800
25700
25700
25400
26500
25600
25400
25800
25600
25600
25900
33900
26000
50700
83400
26000
25000
24600
25000
25100
25500
25400
25000
25100
25400
25300
25300
25500
25400
25500
25400
25500
25600
25600
26200
25700
25900
25600
25700
26200
25800
26200
26300
26800
26300
26300
26300
26400
26300
26100
26300
28600
26600
26400
26400
27200
26300
26600
26000
26600
26900
26900
26800
26500
27000
27100
27000
27200
27200
29400
27000
27600
27300
27300
27700
27400
27500
27500
27800
27500
27000
28600
27800
27900
28000
27900
28200
30100
28100
27800
28300
22500
27600
27700
27700
28100
27700
28700
28500
28300
29000
28500
28400
28400
28600
28600
29100
28600
28900
28800
29800
28900
29100
29100
29300
29300
29000
29600
29200
29100
29600
29500
29600
29500
59100
67000
32800
31000
30300
29800
30100
32800
26700
26400
26300
26500
26200
26400
26300
33900
26100
26600
26600
26700
26400
26600
26700
26700
27300
27000
26900
27000
27300
27400
27300
27300
27400
27500
32000
27600
27700
27700
27700
27600
27900
28100
29300
28200
28100
28100
28500
28300
28500
28300
28400
28600
28700
29200
28700
28800
28900
28800
29700
28700
28500
28200
28000
29000
29100
28800
29200
29100
29000
29400
29400
29600
29600
29500
29500
29500
29500
29800
30100
29700
29800
29600
29800
30200
30000
30000
30300
30200
30300
30600
30500
30600
30300
30100
30600
30800
30600
30600
31900
29700
29600
29500
29300
29200
29900
30600
30500
30600
30100
29800
30200
30200
30300
30300
30500
30400
30800
30700
31000
30200
30700
30700
30800
31100
35800
31600
31300
31200
30900
31200
31300
31200
31500
31500
31900
31800
32100
31800
31600
31500
32200
36600
31900
32200
31900
32100
32200
32100
32100
32300
32300
32700
32500
32800
32700
32400
32600
32800
37900
32900
32700
33200
32800
33100
33000
33300
33200
33200
33200
33400
33000
33600
33500
34500
25600
26000
25600
25600
25800
26100
25600
26000
26000
26200
26100
26000
26300
26100
26500
26400
24600
26900
26400
26200
27100
26600
27000
26900
26600
26500
27100
26900
27000
27000
27200
27300
27100
27300
27500
27300
27700
27200
32900
27300
27600
27500
27300
27800
27500
27900
27900
27900
27900
28000
27800
28000
28200
28200
29000
28300
33500
28500
28700
26000
28800
28400
28900
28800
26600
29100
28800
26500
29200
29100
29000
29000
28800
29400
30400
30300
28900
28900
28700
29000
28900
29100
29000
29300
29300
29300
29400
29500
29300
30700
51800
62400
32900
30200
30200
29600
30200
29800
30100
30300
30300
30300
30200
30000
30400
32800
30700
30500
30200
30600
30600
30500
31400
30600
30700
30600
31000
31000
31200
31100
31200
30700
35600
32300
31600
31300
31300
31100
31600
31300
31800
31400
31700
31600
31900
31500
31800
32000
54300
32200
32000
29400
32300
32300
29200
32200
32300
32400
32400
32100
34000
30600
30800
30600
31000
31300
30900
30900
31000
31100
31100
31100
31200
31200
31300
31200
31900
31700
31700
31700
32100
37200
32000
32100
32100
32200
32300
32200
32200
32300
32300
32100
32300
33100
32400
31900
32300
32900
33200
32800
36600
32800
32300
32500
32800
32900
33000
32700
33500
28600
28900
29200
29000
29500
29300
30100
29500
30100
29300
31200
30400
29800
30900
30000
30100
30100
31100
30300
30500
30400
31700
30200
36100
30700
30600
30800
30700
30800
30800
31200
31300
31000
31000
31200
31200
31200
31300
31300
32400
32100
32700
32100
32400
31900
31700
32000
32100
32200
32200
32300
32300
32200
32500
32400
32500
32400
34000
37400
32700
32500
32800
32600
32800
32900
33600
32800
33300
33400
33400
33200
33300
32900
33300
33200
37300
34000
33600
33700
33600
33100
33100
34100
33700
34200
33800
34100
34000
33900
33700
34000
33900
34500
34500
34200
35100
34200
33900
34300
34300
34400
34400
34700
34700
34800
34400
34600
34200
39800
35000
34800
34800
34900
35200
34700
34500
35400
35100
34700
34600
35200
35300
35400
35500
38500
37300
34000
33900
33800
33500
33900
34000
34000
33800
34100
34100
33900
33900
33800
33900
34800
39700
35200
35100
35200
35100
35600
35600
35600
35600
35800
35500
35700
35400
35800
35800
35700
59100
71000
37100
36300
36400
36400
36300
36300
36100
36500
36900
36400
36300
36200
36800
37700
36800
37000
36700
36500
38200
37900
37900
37700
38000
38100
38100
38100
38500
38200
43300
38700
38700
38700
38700
38400
38700
39100
37700
37600
37200
37500
37200
37800
38200
38000
39100
38100
38800
38600
38700
38100
38600
39000
38900
39400
39100
38700
39000
38700
39400
43800
39900
39900
39200
39600
39400
39700
39800
39800
40700
39800
40200
39800
39600
40600
40000
40900
41000
40600
39600
40600
42700
41300
40800
40700
42300
40700
40600
40200
40600
45700
41100
40600
41400
41100
41000
41200
41400
41000
42500
41500
41500
41500
41700
41800
42800
42100
42100
42000
42300
42200
42200
43400
42600
42200
42300
42700
42500
43000
47900
43600
43300
43300
43100
43800
43200
43300
43200
43100
44000
43600
44400
43900
44200
44900
43400
45300
42100
42000
41700
41900
41900
41900
41800
42800
42600
42800
42400
49000
42300
42600
42900
43000
43200
43000
43200
43000
43900
42200
43600
43800
43700
48200
43700
43500
43000
43700
43600
43900
43700
43900
43800
44400
44300
44500
44400
45000
45500
44800
44500
45200
45100
45200
45000
45300
45100
45200
45400
45700
43400
45800
46700
46400
48100
47600
45500
45700
45000
45600
45900
46100
44400
46100
46200
47500
46100
46300
46500
46500
47000
46700
46500
46700
46800
47000
47100
47100
50900
48300
47600
47500
48200
47300
47300
47500
47800
47800
47900
47300
47800
47700
95600
49800
48400
48500
48200
48500
48300
48000
48700
48700
48700
48600
53300
50100
49600
49200
48600
50400
47700
48000
47400
47400
42200
48200
48400
48400
50000
48600
48400
48700
48400
48000
48900
48300
48500
48500
48900
48700
49100
53900
49200
48900
49200
49100
49900
48900
49200
49200
49200
49000
49400
49900
54800
50200
49800
50100
49800
50400
49800
50500
49800
50500
50200
50100
50300
54600
50700
50300
50900
43300
53000
44900
45000
45200
45000
45500
45600
44500
45500
50200
46100
107300
46400
45300
44900
45400
44900
45400
45800
45700
43700
46100
53900
46200
45500
45800
46400
46700
46000
46700
46600
47400
46300
46500
45100
47200
51300
46900
47500
46800
47000
47100
46900
47200
47900
46800
46600
47000
46800
46700
51400
47500
47400
48000
47700
47800
47900
47700
47800
49400
47500
47500
47800
51900
48300
47100
48500
48000
48100
48500
48200
48200
49100
48500
47900
48500
48900
48400
48900
49100
49400
48800
49200
49300
48900
48700
49200
50500
49400
49600
55200
48600
49700
50100
50500
50400
50000
50400
50400
50000
50400
51100
49900
55500
50600
50500
50300
50300
50700
50400
50900
50700
50200
50800
52700
49700
55800
50700
50200
50400
50700
50400
50800
50900
50600
50800
51400
50400
50200
56200
50800
51000
51000
51200
51400
51200
52200
51500
51300
51600
51500
51600
122500
57500
53300
52400
51500
52000
52300
52000
52900
52700
50100
53500
53400
53100
53400
53700
53800
53000
54100
53300
53200
53200
53600
54000
53600
53400
54200
53700
53800
53900
53900
54100
53900
54100
55800
54200
52200
51700
51600
51700
51900
52000
51600
51700
52300
52300
52300
52100
55300
52500
52600
52300
53500
53000
52800
52800
53700
53700
53700
53400
53400
55100
53300
53400
53600
53200
53700
53700
53700
53700
54500
53700
53700
59000
54600
54000
54300
54000
54600
54200
54500
54500
54700
54400
54800
54600
55600
54800
55000
54700
55300
55200
55200
55500
55500
55600
55300
59300
59500
55900
55600
56000
56200
56200
56000
55700
57100
55500
55700
55400
59100
56100
56000
55800
56500
56000
56200
56100
56400
56400
56200
56800
56600
57100
57900
57000
57100
57100
57500
56900
57200
57700
57500
57600
57100
58300
57500
57800
57700
58100
57900
58500
58100
57900
58000
57500
57300
58700
58300
58500
58300
58100
58900
58300
58900
58500
58900
58800
61900
59200
58600
59500
59000
59100
59000
59400
59400
59800
59600
59500
62700
59900
59300
59700
59600
60000
59700
61300
58600
58800
58800
58800
59200
58600
58800
58800
59200
58900
59000
59200
59300
58800
59200
91200
75300
61000
60500
59900
59900
60000
60400
60200
60400
60400
65600
60400
60600
60700
60600
60400
60900
60800
60500
61200
60500
66000
61500
61200
61200
61200
61100
61500
61400
61600
61500
61700
61500
62400
61900
62600
62000
62100
61600
62100
62000
62400
61900
62200
66100
62400
62700
62600
62000
62500
62500
62600
62600
62400
62900
66000
64100
64400
64000
64000
64200
64300
64600
64300
64100
64700
67500
64800
64100
64600
64800
65000
65200
65000
65300
65600
66000
69200
65600
65700
64800
65900
66000
66100
66000
66600
66000
65700
66800
66400
66300
66400
66600
66800
66600
67100
66200
66500
70000
67000
67100
67200
67000
67300
67500
67700
65800
67700
67900
68500
67300
68100
67900
67500
68700
67900
68300
68300
69100
72600
68700
68900
68600
68700
68400
68600
68800
69100
66700
73300
69800
69300
70400
69000
68600
69000
69100
69300
68900
69600
70200
69600
70000
69300
69800
70000
69500
70000
70100
70300
73300
70400
70300
70000
70800
70800
70900
70800
71200
71100
74500
71200
71200
71300
71100
71100
70800
71200
71400
71400
125900
183200
76400
76200
76200
76500
75300
92900
78000
76700
116400
109900
76200
79000
78300
82200
137700
102700
79700
73400
73400
73200
73900
73000
73700
73100
73300
73400
73700
73600
73300
73500
73700
81100
74000
73600
73700
73700
73900
74000
75700
72800
72800
77400
73100
72900
73200
73100
73500
73400
73600
73100
73400
76900
73800
74100
74100
74900
74400
74300
74500
74900
77900
75300
74600
75200
75300
74900
74700
75900
75700
75400
78600
75400
75400
75300
76100
75800
75600
75500
75600
76000
76400
76400
76200
75900
76200
76000
76500
76300
76600
80400
77000
76300
76700
76700
77600
77200
77000
76800
80200
78000
77300
77100
77200
77800
77700
77700
77800
77800
84300
77600
77600
77600
78000
78100
78100
77800
77900
83300
75000
74500
74600
74500
74600
75300
75100
74900
75100
77200
75700
75000
75100
75500
75700
75700
75600
75400
184900
79500
76800
76000
153700
81200
87100
184400
81200
78300
77400
76800
77000
76100
84500
77200
77200
77000
77500
77100
77500
77700
77800
81700
78100
78100
77600
77500
77600
77300
78100
77900
78000
78800
78500
78300
78300
78400
77100
78500
79000
78700
84000
79400
78800
78900
52900
77300
77700
77700
77900
77800
78900
78000
79000
78300
78000
78300
78100
78100
78600
83500
77900
78500
78500
78900
79200
79700
79000
78600
79100
80100
79300
80100
79500
79200
79300
79600
79500
79300
87800
81300
79700
79400
79600
80100
80500
80600
80500
86500
80600
80700
80600
80800
80700
80700
80700
81500
81500
81700
80600
81200
81700
81900
82000
81800
81800
81700
87100
82200
82300
81200
82000
82100
82100
83200
82500
87700
82700
83200
83200
82900
83000
83500
83400
83400
90700
84200
84000
83300
83700
83600
83800
85200
76800
82000
76400
77000
77000
76900
77100
77300
77300
77400
77200
106400
80200
77900
77700
77500
78400
77800
77900
82700
78700
96200
189500
83000
78900
78800
84900
79200
78400
78800
78400
78700
78400
78800
78600
80100
80700
79100
79100
79900
78500
79500
80100
79800
79800
85700
80400
80800
80400
80600
80700
80800
80400
81200
85700
80400
80300
80700
80600
80900
81000
79500
80800
85600
81400
79600
79000
82700
81200
80300
81100
80800
80900
73700
81600
81700
82300
82000
82300
82400
82500
82500
88200
82900
83300
82800
83000
82500
83200
83100
82800
89500
82600
83500
83700
83400
83000
83800
83700
85200
86900
81600
81500
81600
81500
82000
82200
81900
82200
87100
83000
82200
82900
82500
82700
82700
83300
83200
83800
83700
82300
83100
82700
82600
82900
83700
83400
83300
85800
83700
84100
83600
84400
83800
83800
83900
88300
85000
84500
86000
84700
74700
84600
84200
84700
89100
86300
84900
84600
84900
85000
85200
84600
85600
92400
115800
87100
85700
85300
86100
85900
86400
85100
89900
85700
85800
85700
85300
86100
85800
87700
86600
87600
85600
86800
87000
86800
87500
86700
86900
91900
88500
87600
87400
88600
73500
74000
74000
73900
73900
75600
74100
73900
74300
74100
73800
75100
74400
74500
74400
75800
75200
75000
75700
74800
74700
74700
74400
75000
80600
76300
75800
75400
75100
75800
75800
75600
76600
76200
82000
76400
76500
76300
77300
76100
76000
76200
76700
76300
77300
77400
77300
76500
76700
77300
76900
77600
77100
83000
77900
74900
77600
77400
78300
77500
77400
77100
77900
83100
78600
77800
78300
78400
78700
78500
78200
79000
84600
79200
79100
79100
79200
80600
78400
77700
77900
78100
79900
78400
78400
78700
76200
78900
76100
78500
78600
84900
78900
80300
79600
79500
79500
79700
79400
79500
84400
81500
79400
79600
79700
79700
79800
79700
80400
80400
81400
95200
81000
81300
81000
81400
82300
80900
81500
173700
119500
84000
82500
83100
81900
82200
87800
82600
82000
82100
82800
82700
82300
82100
81900
82300
83100
83300
82800
83100
83200
82900
83100
82700
83200
88700
83300
82800
82400
83000
83200
83100
84100
83600
89300
83800
83500
83400
84300
83900
84200
84100
84200
90400
86200
82100
81600
82200
81800
81500
82200
82500
88400
82600
82400
82600
82300
82700
83600
82900
83000
89400
83400
83700
84300
83500
83300
83600
83600
83500
89700
83800
84600
84200
84300
84300
84100
83900
84200
90900
85000
85400
85000
84900
85200
86400
84900
84700
91000
85100
85000
84900
85800
59600
86300
86300
86100
107500
86900
86000
87200
86700
86800
86500
86900
87300
88100
87100
88100
87500
87100
87000
86700
87300
94300
88200
87600
88100
87600
88400
87900
88200
88300
93900
87700
88700
88300
88100
89400
89400
88900
88800
90300
89700
89400
89300
90600
85500
85200
84600
126200
88200
85200
84800
85400
152400
85400
85200
90100
85300
85300
85200
85400
85400
84900
86600
86600
89700
85900
86400
87000
86500
86500
87000
86800
86500
87100
87000
87100
87100
87100
87600
87100
86900
114000
90800
88300
87600
87300
87200
88600
88400
88100
89100
88700
88800
88700
88300
88200
90000
87900
92500
88600
88200
89300
89100
88900
89100
89000
89600
93700
89500
89600
86100
89700
89800
89600
89600
94600
91400
90300
90300
87000
90500
91000
90600
90700
94700
90800
90500
100300
90900
92100
91000
91100
95300
91600
91200
91400
91300
91000
91400
91000
91700
94800
91300
91500
91600
92700
92700
92400
92600
97000
93300
93100
92900
87800
94100
91800
91600
105900
92400
92000
91100
91900
92500
92300
91300
91900
95400
91600
92100
93000
92500
92500
92700
93100
96800
93100
93000
94600
94400
93400
93700
92900
94000
248800
104000
96100
94600
94400
94200
100000
94800
94600
94300
94400
94300
94000
95100
99200
94500
95100
122600
131300
111900
112500
135400
110400
95900
97000
95100
94900
94900
95600
100200
95400
95300
95900
95600
95800
95600
96400
100000
95900
96100
96100
97000
95700
96500
96300
100700
96200
97200
97000
97000
96800
97500
96600
100700
97200
97700
97000
97400
97600
97600
97100
102100
97700
97700
97900
97300
98000
97800
98000
118200
100000
98400
99300
98500
99500
99200
98700
103600
99400
100800
96500
96400
96200
96800
96500
100300
97100
97100
97200
97000
97100
97300
97300
101100
97300
96900
98500
98000
98000
98300
98400
102600
98800
98400
99000
98500
98100
98700
99000
102200
99100
99200
99000
99100
99300
99500
99600
103400
100400
99700
100400
101100
99300
99700
190800
127500
102500
108800
99700
100800
101800
105500
100200
99800
101000
100700
100600
100400
99400
111500
101200
98200
100900
101700
100800
101200
101100
102300
101800
101200
102400
101700
102100
102200
105900
102400
102100
101900
102300
101600
101200
101700
106100
102900
102500
102500
102700
102600
101600
102000
106400
103200
103000
102600
103000
103800
103800
103900
103900
104300
104000
104300
104600
105400
104400
110300
108700
106600
75300
75200
75000
74800
75100
75300
79000
76200
75700
76000
75600
76700
75900
75400
75700
75800
80000
76500
76400
75900
76500
76100
76000
77000
76700
77100
80400
76900
78400
73500
77500
76900
76500
76800
77900
77600
78100
77500
77800
77800
78000
77800
77600
78400
77900
81700
78500
78300
78500
78000
78400
78700
78500
79700
82500
79800
78600
79200
80300
78700
78600
78600
79000
79500
83100
79100
80100
79300
79600
79600
79800
80700
79900
124400
111300
82800
80400
80500
80300
80300
80800
87500
81300
80800
80600
81300
82000
81200
80600
80300
81000
82400
81400
81200
81600
82000
81900
76800
82400
81900
87700
82500
82000
81900
82100
81800
82300
82600
82600
89100
83200
108300
83700
83400
85300
82700
82400
81600
83600
82300
82200
82100
82300
82000
83100
82400
83000
88000
83800
83000
82700
82700
82300
83300
83200
83400
108600
83200
83900
83800
83800
83700
84600
83900
84200
85400
84800
79200
84200
84000
83900
84000
85300
84700
86400
85000
85400
84900
84700
84400
85100
84900
85400
86000
85200
86200
85800
86000
85700
87100
95500
92400
86600
86900
86300
86400
86300
87400
86800
87400
92500
87600
87000
87400
87400
88100
88100
87500
88200
89800
88400
88300
87600
88000
87700
88200
87900
93800
89600
88700
88700
89000
88400
89100
88300
88800
94900
89300
88800
89400
89400
89300
89100
89700
89300
129000
93600
86300
86200
85800
86000
86300
86100
93300
87100
86500
86600
86200
86500
86500
87200
86900
87900
87100
87300
87200
87900
87900
87900
87400
92700
88300
87700
87600
88700
87500
87500
88500
88000
94000
89000
88500
89000
89300
89200
88900
89100
89500
93700
90400
89500
89500
89600
89600
89400
89200
94700
98600
92000
90600
90500
90700
90300
91600
90400
94500
90700
89600
90400
89700
90000
90600
90600
97100
91300
90400
90100
90700
90800
90700
91500
89700
96700
91300
91200
91400
91200
91800
91600
91400
97900
93000
92100
92900
93500
92100
92400
92700
92500
93300
92900
93300
92600
92900
93500
92800
93400
100100
93700
93200
93600
92500
93400
93500
94800
100000
94700
94200
115400
95900
95300
97000
88700
94200
89000
89100
88700
89000
88700
89800
89200
88900
94600
89400
89600
89100
89400
89400
87200
89700
90300
118300
91400
89600
90100
90400
90400
90400
90600
92500
91200
90600
90200
90700
90500
91100
91100
97100
91400
92300
91100
90800
90700
91500
91600
91600
92900
91800
91600
91300
91800
92100
91700
91300
97900
92300
92400
92700
92300
92300
92300
92800
111900
94300
94400
94000
92900
93100
92900
93200
98700
94000
93600
93800
93500
94500
93400
92800
92900
94400
94000
93700
93800
94000
93700
93700
93300
99400
94000
93500
94300
94100
94300
94000
94500
100400
94900
94800
95300
96000
95900
95500
95600
101000
96000
95500
95600
95900
95700
95600
96200
103100
96600
96200
96200
96500
96400
96500
96600
102200
97300
96200
95800
96700
96300
96500
96000
101100
97900
97100
97200
97300
97800
97400
97500
102700
98500
98400
98600
98300
98300
98200
97500
104000
98200
98700
115100
99100
93700
99200
98900
120300
144300
145100
142100
141700
138300
146400
143400
140600
141900
101000
99000
99800
98100
98300
98700
98100
98400
98400
98100
100100
98900
99300
98600
98600
98300
99300
99200
100400
99700
99500
99700
99300
99300
99100
104300
100400
99900
99800
100500
99900
99900
99400
105500
95900
100800
100900
101000
100600
100700
100500
106500
101100
100400
100300
101400
101000
101400
96200
109200
102100
102100
101400
101300
101400
95800
102400
108200
102900
102700
102500
102400
102400
102100
106900
103700
102300
102700
102800
102700
102500
104500
108500
103100
102200
102700
103500
103600
103400
103700
109200
103500
103000
102700
102700
103400
103200
109400
104600
104100
104000
103800
104400
103600
103300
109800
104100
104900
104800
104700
104600
104700
104500
238900
111900
106400
105400
105900
105400
111000
106500
105500
104900
104100
105600
106000
111800
106500
105900
105800
106400
106000
105800
105700
110500
106600
107200
106300
106800
106600
106500
128700
107800
107600
107600
107400
107300
107300
113200
107700
107200
106800
107500
107900
107800
107300
114000
104500
103600
103300
103300
103400
104500
111100
105400
104700
104900
104200
104600
104300
104400
110100
105200
105100
104700
105600
104600
105700
111000
105500
106300
106100
106100
106200
106100
105600
107300
106200
105500
106200
106600
105100
106400
112700
107800
106600
106400
106300
107000
107100
113100
107900
108200
107000
107900
107800
107900
108100
110400
108400
108400
108400
108100
108200
110800
110900
108600
109600
112300
109900
109300
115200
108800
109300
108600
109400
109100
109700
115600
193300
112600
111500
109900
109300
108600
115000
109500
110300
110300
108400
110700
110400
116500
111100
110500
109900
111100
110900
111100
117500
111300
111000
111100
110900
110600
111500
118400
112400
112000
111500
112100
112000
111300
117400
112300
111900
112200
112200
112200
112200
118900
112800
112300
112300
113000
113200
113000
119300
113900
113500
113700
112900
113600
113100
120000
114300
114100
114100
111400
113900
113600
122000
114600
115000
114800
114600
114500
114200
120300
114800
114300
114100
114200
114600
114800
121300
115200
116800
100300
100000
99700
101000
107400
101900
101000
101500
101400
98200
98200
101100
107300
101700
102000
101300
101200
102000
101400
102100
102800
101800
101000
101700
102500
102600
102700
108600
102900
102500
102100
102300
103000
103100
103100
210900
107600
103600
103600
105900
98800
104700
99400
98800
98000
98500
97800
98600
98800
117200
99300
99400
99500
99700
100100
121400
100600
104400
100300
100300
100100
101600
100400
100600
99800
100500
100500
100600
100800
100800
100400
101400
101100
101300
100700
101800
102200
101900
101600
101700
105700
102000
101800
102100
102300
102100
102100
101700
105300
101900
102400
102200
102200
102300
102900
102700
106800
102200
103700
103200
103100
103000
102900
109100
104100
102200
103100
103100
103200
103400
103700
107400
104200
103400
104000
104300
104100
104800
105000
104900
104700
104800
104800
104300
105100
104500
109300
105200
105900
105300
105300
168800
111400
110600
106200
107100
105800
106100
106000
106200
106400
113100
106600
105600
106400
105900
106800
106300
111200
106700
108100
106500
106500
106600
106700
107000
111800
109600
107100
106800
107100
107700
117100
108900
108600
108100
108800
108500
107600
112900
109700
108800
108600
108700
108800
108600
108500
116200
108800
108700
108600
108600
108100
109100
115200
109500
109200
109300
109300
109300
109300
113900
110000
109200
109500
109100
109700
109000
109600
114600
110000
109800
110000
109900
110300
110900
116300
110200
110100
110400
110700
111300
111100
117100
111700
111300
111500
111600
112000
111500
119900
112000
111800
112500
112300
111300
110800
116200
113000
112500
112500
112300
113000
114100
106900
108100
106600
107000
107300
106200
107300
107000
113300
107400
107700
107500
107700
107700
107100
113700
107900
108300
107800
108000
107900
108000
108000
108700
108500
108600
109000
107900
108300
108600
114600
109200
109500
109200
109100
109200
109200
176000
144400
111800
108100
110300
109700
114700
111100
110800
110000
110600
110700
110900
110400
112700
110300
109600
110700
111500
111500
111200
113700
111800
111000
111400
111200
111300
111200
115900
111300
110300
111000
110900
111700
125800
116000
113200
112700
111900
111900
111700
113400
116600
112400
112200
112700
112600
113000
112700
116900
113200
113300
112700
112700
113600
112500
116400
113400
113600
113700
109900
115100
113800
112800
114400
113700
113600
113900
113900
115500
113200
113800
112800
113100
113700
113200
113100
113400
116800
113400
114100
114200
114200
114800
114200
118200
113700
114500
114700
114600
115100
114500
118500
114800
115200
115100
116000
115000
115000
119000
115600
115700
116000
115900
115600
116200
272500
183700
192700
170400
178100
176300
126900
120300
119700
128300
123400
132000
124200
122900
127500
129800
136500
125300
124100
128000
120000
132100
128400
127000
118600
117800
117900
117600
117500
122200
118900
117300
117400
118000
118100
118200
122400
117900
121900
118600
195600
202800
177600
174800
145000
132900
178400
127800
124500
131300
122200
123600
129400
121700
119100
121900
120000
119400
120200
124900
121600
120900
119000
119000
119700
123200
121000
120400
120600
120500
120400
120900
124700
120800
121300
123000
118200
118500
118800
122600
118100
118900
119400
119000
119200
119000
122200
119000
119300
118600
119400
119300
119800
121400
120000
120200
119900
119300
120000
172500
188200
122900
119900
121700
119700
125900
120900
120200
113900
120900
122100
121100
124500
121800
121400
121000
121000
121700
124300
121300
121700
121200
121200
121900
121900
125100
121000
121400
113000
123100
122500
122700
125900
122500
123200
122800
124600
122100
125900
123500
123000
122800
122500
123800
123400
127900
123300
124200
124600
123900
124000
123900
127400
124100
124200
123800
124900
124500
129000
125100
125700
125200
125500
125600
125600
129000
125300
125300
125500
125700
125600
129400
126900
125600
125200
125600
126300
125400
130200
126300
126100
126300
126500
126500
130300
127100
126900
126800
126300
126500
127400
130600
126800
127200
128200
128000
128200
132300
128300
128000
127700
127600
127400
127800
216000
130200
129000
128500
128000
136500
130300
129800
129300
130100
130100
130300
135900
129600
130200
130200
130400
130400
136900
131400
131200
129700
131400
132000
136100
131600
131100
130500
132300
114400
132500
134800
129300
129000
129000
129700
129300
136200
130200
129600
129900
130300
129900
135100
131900
129900
131400
129700
130400
130200
137200
132900
130400
131200
130900
130600
137200
131500
130800
131400
131400
131800
138800
132000
132600
131300
132100
132000
132100
133500
132300
131800
132100
132700
132200
139000
132700
132500
133000
134200
133300
160600
134600
134400
134500
134600
134500
141200
134700
134400
134500
136000
134900
141600
135800
135600
135700
136300
135600
185600
138600
135900
136100
134900
135100
137300
139000
136300
136500
131900
138700
143200
137800
137200
138000
137700
137900
144000
138000
137500
138000
138100
137800
144400
137700
137700
137500
138400
138500
145200
138600
138200
138800
138200
138600
145600
139600
139400
139400
139400
139300
147200
140200
139500
140100
140400
140200
146000
140700
140300
140400
140500
140700
146800
141100
140900
141500
140900
141500
146900
141200
141000
142000
142200
141800
147800
142300
142200
141800
141700
141800
143600
142700
142400
141700
143700
145600
142300
141400
141400
140800
142200
148300
143000
142500
142400
142100
142400
148900
142900
142700
143200
142900
143700
201300
147500
144000
144800
143800
149000
145400
144400
144000
144200
143500
150600
144300
128400
144500
144000
144300
151000
145400
144300
144300
143900
144200
150900
145600
145000
145100
145200
145400
151600
145500
145100
145500
146000
150100
146500
146700
145500
144900
145000
151100
145500
148700
146200
146300
145800
147700
146500
146300
146100
146600
151600
146800
146800
147000
147100
147000
155800
147400
147300
147700
147800
147800
153500
148100
147700
149100
148100
166600
149600
149300
149300
149200
149200
156300
150200
150100
149500
149900
149700
151500
149700
150200
150300
150300
206200
153900
151400
151100
151600
157500
152100
150800
151100
150600
151300
157400
151600
151600
152000
151800
157300
146600
145900
144800
145300
146500
153700
146700
146300
146800
146700
147000
152300
146000
146800
147300
147500
147100
148100
147300
146700
146700
146400
153700
148200
147700
147500
147600
147700
157500
148300
148100
147600
148000
148500
148800
147800
147900
149200
148400
155000
148900
149500
149300
149700
148500
155500
149800
149800
149300
149400
154900
151600
151000
150700
149900
149900
157500
328900
298100
269400
224200
224000
227100
162500
241900
219600
222700
353400
205400
271900
154900
152200
153100
151600
151300
275400
183800
181500
193800
160500
155400
153400
152900
153400
139100
154200
153400
152600
153500
154600
157000
154800
153200
153200
152900
157000
154500
153800
152800
152400
152800
156400
153400
152900
154000
153100
156800
153900
153600
154300
154000
154400
158200
155200
154300
154900
154700
158000
155500
155500
156300
155700
155500
177900
156500
155900
155900
157700
157500
154700
154200
153500
154500
154400
157100
154000
154300
154400
154300
158000
154900
154500
154300
155600
154700
157000
155000
154700
136400
156100
246800
166200
158300
157400
157300
163400
157300
157100
157300
156600
125200
158400
157400
158800
158000
364800
163700
158100
157800
158100
162700
158700
158600
158100
158200
162800
159100
158900
158800
146900
162800
159500
159400
159300
160100
160000
163800
160100
160000
159900
159600
164500
161100
160900
160200
160500
165600
160900
160400
160100
161100
160900
164500
161000
161400
161400
161500
165300
161400
161900
162100
162000
166600
162600
162000
161700
162000
162000
162300
162800
163000
163100
163100
166700
163300
162700
162600
163500
168000
163700
163100
164500
166500
209000
165500
164600
163400
163300
168400
164300
164600
163400
163700
168900
164600
164600
164300
164100
126800
157700
163400
163700
162800
164000
167900
164200
164000
164100
163700
170600
142300
164000
163400
163700
142500
165100
164500
136700
165700
164700
168500
165300
165200
165700
165800
169500
165300
166000
165600
166100
188600
166900
166300
166400
166600
171700
167200
167300
167600
168300
172800
167300
167300
168100
168000
172100
168200
168500
169000
169000
145200
169900
169000
169000
170200
169700
170600
170300
169700
171000
155200
158700
155500
156000
156700
156900
234500
192700
158700
156700
155700
161800
156900
167000
155100
155300
159800
155200
155400
155700
156600
155500
159700
156300
156700
156400
156300
164200
157900
157000
156600
157300
156600
157600
157700
157700
155500
157800
161700
157300
158900
158200
158500
162900
159200
158400
158300
158500
159000
162800
159800
159200
159300
160500
163700
159000
159100
159100
160400
165200
160900
160200
160200
159100
160200
163500
160400
159900
161100
160500
165200
161100
160500
162600
160800
166100
160300
161100
160500
162100
161700
162400
161700
161600
161500
161400
165600
161500
162500
162400
162300
263300
170400
164700
163000
162900
171800
164200
164000
163400
163500
169900
163300
163300
163400
163800
171600
164400
164800
164800
163100
170500
164500
163700
164600
164700
169400
165300
164000
164500
164300
164500
179900
165700
165600
165600
192100
166800
165100
144000
165800
170700
166300
165600
165800
166800
167100
168100
166800
166200
166800
166500
173600
167000
167100
167100
167100
174900
168900
165200
165600
165300
173300
166800
166200
165600
166200
172800
228400
166500
166600
166900
173300
167200
166700
167000
166400
173300
167600
167900
167900
168100
242700
176000
168900
167100
166900
173500
167300
166900
166600
166800
174400
167800
167800
167000
167100
173900
167400
168000
167600
167900
174400
168600
169100
168500
168900
175600
169700
169000
169300
169500
173400
169400
169800
169800
170200
177500
171800
170600
171500
172200
178600
172500
171800
318400
198800
180400
192100
173900
172500
172500
174200
172700
168300
167100
166600
167200
174800
167800
167100
168200
167300
174400
167900
167400
167100
167600
279700
170600
168200
168600
169500
170200
169400
168800
168800
168800
171400
169700
169800
172100
170400
170900
169500
169900
170200
170400
171700
171100
171200
170100
170700
192800
170600
170800
170900
171000
171600
171000
171000
172600
171800
173400
172400
172000
172400
176800
173600
173100
174300
172100
176800
173100
172700
172600
173100
177300
173400
174200
173000
179000
178300
173500
173800
174300
174200
180400
174500
174800
173500
174300
182000
174500
174300
175900
175600
181700
174800
144700
176800
175300
182900
176400
175900
175700
176800
264700
190900
178600
176600
184100
179000
175100
174900
174300
181600
176300
175700
175500
175300
181200
176400
175800
176300
175500
183500
176000
175900
175100
175900
184000
176500
176400
176300
177400
182600
177100
176800
176900
178300
182700
175800
177000
176700
176500
177600
177800
177500
177900
183100
179700
178300
177900
178500
186500
178600
178800
179100
179400
136100
180900
180000
179000
179600
185600
178900
179900
180300
179800
186100
180200
180500
180800
178700
185700
180400
179300
180500
184500
182200
180900
180600
180800
228700
185600
182300
181900
182700
189500
181600
182000
182000
181900
182900
182000
182700
182600
201700
183200
182900
183500
184500
188900
183800
183400
182100
183200
187500
183100
182500
183400
188900
182900
182900
183100
183600
189800
184700
184600
183800
184600
190200
183700
184300
184000
184100
185000
185900
184700
183900
191300
185100
184800
185800
185800
191900
185600
185200
184900
185700
186100
185400
186200
187700
165200
159400
159600
158600
159000
159900
159200
159100
159900
159800
159400
165800
160500
161900
160600
160400
238400
166100
160400
160400
160000
161600
160000
161200
160500
159500
164400
160300
160800
162900
161000
166400
161200
162100
161700
162300
165700
161500
161900
162000
161800
161900
167700
162700
162300
162500
162300
166900
163400
162500
163200
163000
167400
164200
165000
162800
163000
168100
162900
163300
164900
162700
166900
163100
163900
163200
163400
163700
165700
164600
164800
164600
165100
168000
165000
164500
164700
164300
168300
165000
161600
165700
166000
170900
166200
166100
165900
166000
169800
166400
165800
166500
166100
170500
166700
166800
166500
166900
166900
185500
169000
167200
167300
184200
169500
168200
189500
169100
172600
168500
168700
168200
168600
171100
168100
168500
168000
168300
169100
169500
168900
168300
170100
169200
171500
168800
169600
170600
170000
173600
170100
170300
169800
171300
256200
353700
296500
194100
175300
172400
171600
176200
277600
172000
169000
168100
172300
214900
144300
228700
199600
298700
216300
174100
170700
170200
170400
170000
170200
171000
170100
170000
170100
170600
171900
171400
171100
171100
171300
227000
174300
172600
172600
180200
172100
172200
172400
173600
179700
173300
172100
172600
173400
178400
172300
172100
173500
173600
179900
173500
173400
173000
173600
180100
173900
174500
174100
173800
179300
174500
174700
174700
174600
179800
175500
176500
174900
175400
175700
175700
175200
175000
174800
176600
175700
175100
175400
180600
177100
176000
175900
175900
316600
223400
207900
214700
182700
177400
176600
177100
176700
177900
178600
177200
177800
179500
177300
178900
172800
172700
174800
172800
173900
173800
173800
233000
177200
174000
173800
173800
177400
174600
174300
174200
174300
176900
175000
174100
174200
174200
177400
175700
175900
175400
175600
194500
175800
175500
175900
178300
175400
176200
176300
176400
179700
176300
177300
176400
176700
180200
177800
177400
176900
177900
181200
178400
178700
179200
177800
181300
179000
178300
179200
179300
202800
180100
179700
179600
180300
180200
180100
230600
376300
186000
183600
180500
180600
181900
182100
180700
180100
184800
180500
180600
152600
181900
185700
180600
180100
179800
181600
300800
195600
151300
194200
238000
205600
271300
243000
191100
183200
183100
183100
186200
178800
183200
184300
154500
188200
184000
183300
182700
184300
188000
184700
184900
186000
184800
184700
179400
184900
185400
188900
185500
188700
186000
186400
187000
182700
183100
184000
187400
184100
184100
184500
184100
188000
184000
184500
184600
184700
188800
185300
185000
185300
185700
186400
186700
185800
186800
190700
186700
186600
187200
185400
211700
185400
187200
186600
190200
198400
187500
187300
186700
271800
189600
188500
187900
195800
188200
189100
188800
188900
194900
189400
189300
188700
194400
190500
188400
188900
188300
196500
189700
189300
189200
189700
190600
190000
189500
189300
196000
189900
189800
189800
190100
196200
190100
185000
190700
196200
191000
190900
191800
190900
197700
191700
190100
154000
191100
191500
190900
191400
186000
197000
191500
190800
191100
190900
197500
191800
192100
192000
198300
193000
194100
188900
189200
196600
190200
189500
189300
194100
190500
190300
189700
190100
311200
195600
191900
191300
197900
191200
191100
191100
195900
192300
191700
191500
191600
196600
190900
191100
191000
191800
192400
192400
192600
192400
198500
193100
192400
192200
192400
194400
193900
193000
193300
198700
193700
193100
193400
192900
194600
194300
193500
193500
200700
193300
193300
194100
194700
195200
194100
195300
195400
208900
196000
195800
195200
200700
196300
196400
193100
196400
222200
197200
197400
198200
204900
197200
197800
197300
196900
198000
197300
197100
197800
270300
200900
199700
197900
204800
197400
198700
198200
202500
199900
198400
198600
199500
193500
187200
186400
186500
187000
188100
187100
186500
187800
193400
187400
188500
188600
187500
193600
189100
188800
188000
193800
188700
189500
189000
188400
194500
189500
189800
189600
188900
191000
189500
189100
189000
194600
189500
190400
189500
189700
194500
190900
190000
189700
195800
190600
189700
190400
190900
196500
190200
191400
190900
197900
191200
187400
190900
190900
198100
192100
191200
192300
272200
212900
192200
191400
197200
193200
193200
191900
192700
196800
193100
192600
192700
195600
192200
191700
192400
193300
196300
189100
192900
192600
200200
192900
192700
192600
192900
197200
194100
193200
193400
196600
194200
190300
193500
192700
198000
193300
193500
193800
211200
195700
194300
194600
193900
199000
194400
194300
194700
214200
210800
196300
195600
195200
196200
195900
195000
196000
199300
196400
195100
195700
195000
195400
195800
207800
196900
200700
196300
197000
197800
237100
230600
199200
197800
203000
209900
196400
197000
196900
200000
197500
198300
198700
202300
200200
200000
198800
203800
198400
199400
199600
199400
199300
200100
199600
199500
203400
200700
198500
199400
203700
200200
200500
199500
200200
203900
200400
200800
200900
205300
200900
201200
201000
203500
200900
200600
201200
201000
205700
201000
202100
202400
148700
203800
202600
202500
204600
202900
200300
199500
200200
205600
200500
200000
200000
203500
201000
201200
201100
201100
325500
207700
200900
201100
202200
201000
201200
200400
206000
200700
201800
201400
206400
202200
202100
202800
202700
202500
202500
202500
202500
207300
202700
202600
202800
206900
203000
203200
203400
203300
203900
203500
204200
203700
216400
204500
203900
204200
222100
204700
206100
204500
208500
205200
204700
204600
204700
208300
205500
214200
206700
205700
206200
206400
206700
210200
206500
205700
206200
209200
206700
206300
205100
206200
210300
207000
206500
207700
238000
208400
207200
207400
212500
207700
207900
207500
212700
207500
208500
208200
210900
208300
208300
207600
207800
211800
208700
208800
208000
213000
208100
209500
208600
212600
209200
209000
209300
214000
210500
210700
210500
209400
210300
209600
210400
210200
214400
210000
210600
215300
215500
211400
212500
205200
209400
205100
206700
206600
209600
206300
205700
206000
205700
209600
206800
206700
206500
211400
206600
206300
206600
210600
207600
207700
207500
250200
274800
208600
147600
209100
203700
203500
204300
205000
207300
204300
204100
163000
209000
204700
204700
205100
208300
206200
205900
205800
205600
209200
207200
206000
206200
210800
206300
206700
207500
222000
207400
206300
207100
209800
270300
208400
207500
210900
207600
207200
206500
206600
211100
208400
208300
208100
212500
207900
207500
208700
213300
209000
209100
209400
211300
209200
209800
209800
209400
212300
209400
208800
209300
280000
211500
210900
209800
214300
209900
211500
210700
215900
210300
210400
210400
213700
211300
211300
211200
215100
212600
212000
211800
215400
213000
212400
212000
211700
216400
213300
212800
212800
217700
214700
213100
212900
218300
213300
212800
214000
218700
214200
214400
214400
217900
214500
214000
214200
227000
216400
215500
215800
219300
215400
215300
215300
219200
216600
216200
216200
216200
216300
216400
216400
216500
220700
218200
150100
216500
347400
219600
217400
216600
218000
217200
216700
216100
224000
217000
227600
217800
221800
217700
216900
217100
226400
224600
218000
152100
224300
218600
217900
220100
237000
218400
218800
217700
224100
218600
218900
219400
223700
219300
219700
219700
224300
220700
220100
219900
224200
220900
220600
220200
227500
221100
220800
220900
223300
219000
218700
219000
224900
220700
220400
219200
223200
220800
165200
222400
220900
221100
221100
220500
221700
363300
224700
222600
232200
222200
222700
222900
230300
222300
222400
222400
229300
222600
222300
222500
230500
222800
222800
222100
231200
223800
223700
223300
229600
223600
222900
223200
232000
225000
224800
224100
231300
224300
224700
225000
231000
225500
224600
226700
232000
226900
166200
227600
234000
226900
226900
227600
232700
228400
228300
228400
233900
228700
229300
229100
229600
229400
228900
233800
229000
228700
228900
306800
271100
230300
229600
236600
229300
230600
234100
225600
229100
230000
234800
231200
230800
231200
251000
231000
232300
229900
237800
231100
231600
232100
238400
231300
232200
232700
238100
232700
232400
232100
233100
232100
232000
238100
233400
232300
233600
239700
234100
234000
234200
241100
233200
234700
233200
240200
234000
154400
234600
240300
234900
234600
234900
240200
234500
235100
234300
168100
236000
235500
234400
274800
237000
236300
243200
235700
236300
236100
242000
236600
236300
237900
241900
234500
235200
235700
240200
235700
236000
241100
235700
237300
236100
243700
237100
236400
236500
242400
236600
236100
237300
242100
237500
237500
243000
238600
238800
238400
237200
239000
239900
238900
245800
240400
239600
239300
244600
239000
239400
244400
170400
241700
240900
246000
239900
239700
240200
308300
243400
240600
232300
246400
241600
241400
246800
241800
241800
241800
264500
242600
241300
242200
247700
244200
239300
242600
240000
239400
239900
245400
240600
240300
240100
246600
240300
240100
241700
241400
240400
241400
246700
241800
242300
242200
249000
242600
242700
242000
247400
242900
242000
249200
243300
243100
243500
249400
243400
244000
243800
249600
244100
244300
249000
245500
244200
244600
323000
250000
246400
251500
246000
245200
245000
252200
246100
246100
245300
250100
244600
247400
252300
246700
233900
248200
253400
247700
233600
249000
248300
248600
247800
253500
248000
247000
248900
254400
249400
248200
254800
249000
249100
248400
255700
249400
249900
249000
254300
249200
249200
255800
250000
249500
249200
256000
233100
251100
253700
250600
249900
250800
256800
250700
250400
250000
392100
254900
251700
271200
251900
251800
257700
252500
252800
156300
256900
250700
250700
251000
255900
250500
250400
256200
251000
251600
251300
258900
251200
250700
257200
252000
252800
252000
258600
237500
253700
253300
254100
253900
254100
259400
253100
253100
253000
258400
255600
254200
260300
254700
254000
254900
259500
254500
255400
261400
255100
255200
255800
260700
257300
255300
346200
259800
256800
260300
256900
256200
256000
264000
256500
255900
260100
257000
256800
256700
262100
257000
258000
260700
257500
256900
258000
262500
257200
259400
261600
258300
258400
259000
263100
259500
259300
262900
260200
260200
259900
266200
260500
260400
265500
261100
261000
261100
266300
261400
261400
266100
262000
261500
261200
264800
158300
262400
275300
262800
262700
264500
312600
256900
256200
262100
256100
256300
256700
261900
256900
257000
262800
257200
256900
257800
263000
256800
257100
262900
257900
257700
257200
264700
258800
258900
264500
259600
259400
259100
262400
172700
258800
263200
258900
258800
259400
264800
261000
260100
264000
260400
260300
261800
267300
260600
261600
266800
261000
262300
261200
266700
261700
261300
346400
475800
301200
275000
325200
535200
599600
421200
351000
274000
264200
263600
270200
262500
262700
261200
266700
261700
263000
268500
263000
262800
262400
263100
262600
262200
270400
263600
263200
267400
263600
263200
262900
269200
263600
263700
461200
394100
274700
244500
264700
266500
294200
265700
265200
301100
266200
265600
270800
265800
265900
266800
274200
265600
266300
271000
265500
265700
266700
267600
266700
267100
272000
266500
266700
272500
267800
267600
267900
272800
268000
268000
274200
268000
267400
273700
269100
269000
269300
273700
268500
269000
274000
269300
269900
273000
269500
269400
270300
274600
268600
533700
162600
265400
268600
550100
677900
286900
273500
278000
271100
270800
274300
270800
271100
270700
274100
271600
271700
274900
272700
268400
267800
268600
268100
268700
273300
269500
269900
273700
269100
269500
269500
272800
270200
269600
274600
270000
269400
273800
259300
270500
271300
274900
272300
270000
274300
270400
270500
290200
271200
270500
271700
335600
249500
272000
280200
272600
273300
276400
271300
272000
271900
272900
272100
271700
277600
273200
272900
276700
274400
274200
273400
273300
274100
274100
278400
273400
273800
278400
274300
274900
279100
276300
274200
274000
277700
273700
273500
278500
275500
274400
278400
274800
275000
274900
278800
276200
275600
279100
276000
277100
280900
276600
276800
276500
565100
995700
1022200
981500
292700
278600
276800
281000
278100
277600
280200
277700
277200
276700
280800
277700
276700
281800
277800
277300
282100
277700
247600
277500
280600
278400
277800
282600
278700
279700
283300
279300
279600
297300
280500
280800
280500
281200
282300
267300
271900
267400
267500
176700
350400
270400
268800
268100
268300
268700
291600
269200
267900
272800
268900
268500
269000
269800
268300
269200
273300
270700
270300
274400
269300
268900
269700
272200
270100
269600
275800
270800
270700
274300
270800
270300
270100
276500
271400
272300
276400
272600
272700
275900
272600
271600
272200
276200
273200
273000
276500
272200
274700
276200
272900
273100
273500
473100
283000
285200
277900
181500
276300
279300
275700
275800
278400
275400
274300
277500
275900
275500
275500
279200
275500
255600
278600
275600
275400
278000
276000
275700
275400
278100
276800
275800
279200
276200
278100
280500
277100
277000
277900
277600
277800
276900
302100
277400
275300
280800
277400
278600
280200
278600
278300
278700
282400
279400
279200
379800
282400
280300
284400
279800
280000
281600
279500
280000
283400
274500
279600
280800
278400
278400
278200
282600
279700
279000
283000
279800
279500
282600
280400
279500
281000
280000
165600
279800
283000
279600
280600
283100
281800
281000
280900
284200
281100
280500
284200
282000
282300
285700
283400
282900
284900
282300
282400
282700
286600
279800
280100
381300
288700
285300
291300
282000
282000
288100
281500
281900
288700
282000
282200
287100
282200
281900
286700
283400
283200
282800
287800
283000
282300
289300
284800
283400
288000
288700
283500
289700
283100
283200
300000
284400
283800
283300
288900
283600
283800
292000
284200
284500
291100
284900
284600
290800
284800
285500
290000
285600
284900
286000
303600
285600
285500
293600
287400
286500
292200
287400
286400
292900
287100
286800
293700
287300
289700
292400
287800
287700
293300
288100
288700
288500
288500
289000
288000
294200
288200
288600
295400
287600
288600
294900
289000
288400
295200
289500
289800
295900
290000
290100
294200
290700
290400
290400
291200
290700
290700
296800
290800
291100
459700
300300
300700
292000
293400
297000
293600
294500
297700
315700
296000
300400
294300
295400
293200
294100
295800
288300
294200
288900
288600
294200
289300
290200
311900
289800
289400
294500
289400
169200
296000
290200
289800
289500
294600
288900
289800
295500
290700
290500
296300
290100
290300
296400
289400
291700
444900
363700
298800
292500
290100
290200
290000
290400
292100
296600
291700
291900
171800
292600
292400
296900
291500
291700
295200
292100
292000
291500
293400
292300
292400
296000
293800
294100
298400
294000
293400
298200
293800
294300
297500
294100
293600
297800
294200
293800
297600
294800
293400
297100
293100
292900
297700
294300
295100
294400
419300
296600
299600
294700
287700
168500
296700
292600
293000
297400
293700
292800
296900
257000
294700
298400
294000
293600
298500
355000
295200
316200
295700
294900
299200
295200
295100
299400
296500
296200
300500
296800
297000
300500
296800
297100
300700
297600
298700
300700
260700
298500
298800
274600
298900
298800
303500
298800
298600
538500
538100
355400
430300
369300
444100
310000
302200
301900
306000
300800
301400
305600
301600
301600
303700
302200
301100
305800
301900
301500
426700
351000
364400
303000
301900
307100
303200
298200
306100
303600
304000
307000
304200
304100
306900
303600
303500
307800
303700
303900
421600
338100
308900
305800
305100
307000
304700
304400
304400
304900
304300
304600
305300
305000
305700
305500
306000
305800
306000
306000
310700
306500
306500
310000
307400
303600
171100
311000
303800
388700
463600
309400
311000
307300
306100
309100
306600
305800
263600
306800
306300
309700
306200
307000
309700
306400
305700
511000
322700
316900
308200
306900
311000
308000
307900
310900
307800
307400
312300
307700
307100
312200
307800
307300
313200
308900
278300
312800
308600
308400
312800
308300
308700
313200
308500
309700
313500
310400
312700
314000
310000
309400
316600
308600
309000
314900
310500
311500
315000
310700
310200
315800
311400
310700
461000
314800
320700
313100
312200
283900
311800
311500
317400
310900
313400
334200
312600
312900
318500
313000
313300
318200
313100
313700
318400
265300
313100
319300
313900
314500
321800
314100
313800
321100
314800
314600
319700
314200
314200
313700
313000
318000
314500
316500
320600
315400
316900
291400
286300
286300
368700
292200
286800
292800
287400
287300
291600
287300
286600
289600
286400
286800
288400
291100
288000
287100
291900
287800
263400
293500
289400
289200
292100
289000
289500
293000
289000
289400
292600
289300
288400
290500
289600
288800
289500
293900
290000
290400
293900
290100
291000
320500
290500
290700
295900
290900
291700
298300
292800
292900
374200
298000
293300
297800
292300
314500
317900
292700
291300
295200
292700
291900
297000
292900
292200
296300
293000
292800
295900
291900
292700
292500
296700
292900
293600
297100
292700
293000
297100
292300
293300
298000
293500
294600
297200
294800
294900
298400
294500
295600
299300
296300
296000
298700
296300
296000
298400
295700
295200
328400
313900
296500
301600
295600
295900
300300
295400
296300
299300
295600
297500
300100
297000
297400
296600
296500
297300
297200
300800
297500
297300
301500
297600
297500
300900
297300
298900
302500
298100
298900
302300
300300
299100
303500
300100
299500
306400
299100
299400
302700
299400
299900
303400
300600
299700
305700
298600
298900
360000
300500
299300
304500
299300
299400
302900
299100
299400
302700
299600
299400
303000
299700
301500
304900
300500
300100
304500
302100
301500
308200
302200
301100
305700
301000
300700
304700
301900
301200
300600
175800
298800
302400
306500
303000
303100
306500
303300
303100
307500
305400
304200
307900
303100
304300
308500
304600
304700
591100
713200
316900
310000
307700
306400
305500
304900
307200
306000
306000
306200
307400
305900
305400
311700
305900
306000
310200
305600
306300
310700
306700
307000
310900
306200
306500
311300
306400
266900
307800
307300
307800
307000
307400
307200
312300
307900
307200
272100
324100
310900
310000
300800
305600
311900
381300
307000
312100
305300
305800
312700
306100
177300
311800
306800
306600
311500
307500
307100
312700
307600
308100
312200
308500
308500
313300
308100
307700
312600
307900
308000
312600
308500
308700
314000
308800
309500
177800
310500
308900
308300
313300
308200
308700
309900
308900
309800
310000
309600
314300
310000
310700
331800
402700
312300
318800
310500
311600
316900
311600
311900
317800
312100
312600
318300
312600
275200
319500
313400
314400
320700
313600
314200
319500
314900
316000
315400
314800
320600
314700
314800
320200
315300
315400
321800
316000
313800
331400
313600
313900
320200
314200
314700
321600
315000
315700
392200
316900
320900
316200
316000
320100
314800
315000
320100
314900
316700
321800
316400
316400
322700
317700
317500
281300
320200
317600
324900
319900
319000
324400
319700
319200
324400
320400
319500
320000
320100
325100
320600
320100
327000
320900
320600
325800
321000
320600
326800
320800
321200
325700
322200
321700
354100
321900
326400
322800
321600
326900
321600
322300
327500
321700
322500
328700
323200
322700
317700
323400
323600
329000
324400
324100
324600
324200
328600
324600
325100
329300
323200
324100
329200
324900
324200
343300
326800
318800
323800
319200
319300
319800
320200
324300
319500
319700
324500
320000
319900
367900
320900
320400
326800
320300
320300
326900
320500
320900
321400
320600
325400
320200
322000
326500
321500
321900
327200
322000
323500
328200
322400
322400
328300
322500
322700
328100
322900
327000
323400
324300
328500
323300
324000
328700
323200
323700
330200
323800
323600
331800
324400
324100
328800
324500
344800
334500
325000
331000
325200
325500
330700
325400
325100
331600
325600
325900
327200
326100
329500
325800
325800
289000
327500
326800
333100
327500
329600
332100
326900
327100
344900
327300
327800
328600
328000
333400
328900
328700
333100
328300
328400
333900
328800
328600
334900
329200
332400
328300
329000
442900
356800
334200
335900
329900
328700
329300
328700
331700
329200
329900
332000
330100
329900
333000
330600
330700
332700
330200
333100
329800
331100
333500
330900
330600
287300
332100
332500
335800
332000
332500
335000
327800
282700
334400
330600
333700
330300
331100
334500
332300
281200
440000
352200
339900
333600
332700
337400
332300
332800
338600
333700
333500
338700
333400
337600
333800
333600
340200
333600
333700
340100
334200
333500
340800
334900
356100
336300
334500
339800
335500
335600
340100
335400
335600
341100
335500
340200
335700
335500
340100
335300
334800
342400
336800
337300
395300
338200
338600
332100
332400
340100
334500
333100
340100
340200
339200
334500
335200
339800
335700
334500
340600
334900
334600
340200
334600
340000
335400
335600
340900
335100
335800
345200
337400
336400
340100
335300
341000
332100
331900
203400
335600
335600
340100
336600
334900
342500
335100
335800
366700
336900
341500
338200
337100
341700
337100
338200
343300
337700
338200
337600
338400
343800
339000
339100
345000
339100
339500
357200
339000
345400
340000
340500
346000
341000
340200
345400
198900
340300
345500
340300
342200
340400
342200
347300
342200
341500
348300
341000
341100
347500
342200
394800
730400
519400
468200
480800
647700
516300
361600
343300
349400
347200
344500
349000
344700
343800
350800
354200
509400
686600
418800
396200
363400
359700
479600
349400
349900
345200
345900
349200
346400
346300
349800
345300
413500
479100
354500
346900
347300
351300
345800
345400
353200
346800
351000
347800
346700
352700
347400
347100
369200
346500
352500
347200
495900
524500
352900
396600
1184000
476600
410400
356900
347500
348700
352400
349400
673200
563700
536200
629200
359700
356400
349200
461300
670000
547600
539300
543000
537100
597800
689100
367000
359000
349900
349800
355900
350700
354900
351200
448900
981500
545000
548900
539200
546800
676000
587300
549400
542600
462800
355000
343300
337700
449800
407900
339200
345000
337900
337400
337600
338000
341800
337800
443700
531500
348300
348500
340900
344100
339400
339200
343100
340400
398400
348500
341400
608600
342600
344400
340400
339700
344100
340400
489900
756700
661000
602600
650000
500400
497600
478800
495100
471500
497500
663900
970900
730600
1021000
600200
796400
1099000
418000
868600
894300
843200
561600
368000
351900
347700
553600
1569100
669600
493800
494800
489200
537600
907300
1366600
208500
351200
345700
346000
348100
387900
517700
377000
351800
346100
344600
713000
888000
1448700
995000
435400
365500
365200
384000
359600
348300
353500
347000
350000
347800
347300
350900
346900
379500
548900
353500
354300
189300
346800
353400
349200
352000
349000
350700
357400
350300
349400
352300
350200
357400
350900
507200
488000
1542300
512900
741500
412900
354500
352900
355600
351700
351200
354800
351900
354900
352100
351800
356100
351700
406200
613000
362900
353000
354100
361800
353100
355500
351800
353100
356800
352700
352200
357300
353700
357400
352900
353400
360400
556400
1153300
565700
892400
506500
360400
554100
394400
363400
355200
355600
359200
355900
356900
356500
355800
358200
355200
356500
359000
356600
359000
356200
356400
359700
357200
457400
359000
358200
358300
357900
362200
360900
357000
358700
355700
852100
932000
656700
579300
385700
358800
362400
356600
356900
358400
355700
358700
355300
356200
361800
357000
374900
614500
195400
363400
357900
361600
357000
358700
362800
357200
365600
359200
358200
362400
358800
361900
359000
360000
364200
359600
360800
555900
595100
529000
964700
594600
589700
714400
378900
363200
367400
362300
361100
367000
361600
419700
584700
437400
362600
367600
362200
362400
368300
363600
369200
677400
381200
364200
363800
386600
363200
370000
364200
365400
591700
418500
366500
795200
951500
552300
909000
419400
368200
373800
364000
367400
364100
363400
512400
532700
367800
366100
368900
363600
365600
368600
363900
419400
510500
372700
365600
364900
367800
365500
368300
365100
304500
569200
467300
369500
367100
660000
794400
482600
462700
370200
371200
378800
385800
374700
372600
372800
381800
698600
1167700
935500
616900
462200
578700
416800
370600
370000
372700
369600
372200
369500
369800
372700
369600
371000
368700
369200
634300
636400
777500
947200
549200
500300
373900
372600
370800
370600
372000
370200
373300
370400
370800
372100
371800
373300
370200
371000
525300
405500
380600
370700
373500
370000
369700
372200
370400
373800
371000
372100
373400
370700
447900
380400
382400
373900
611100
625200
702600
742900
460500
498500
369400
379700
366600
372200
366800
367600
392800
366400
372300
367300
366900
372400
367600
371500
368500
367900
372900
368200
372600
368900
368300
374600
369300
373900
369300
368500
736100
605500
383600
398900
2242200
616600
403900
393600
370100
370000
372500
370200
372800
372200
371200
374100
371100
377600
440900
372400
373600
371200
372900
370100
371900
372400
369900
381900
455500
405700
373000
372500
508300
373600
377600
372000
375700
507000
596900
1089300
591700
478300
474300
418000
376700
373000
373700
377500
373900
376900
372700
373200
467600
436100
386400
374200
377400
374600
374000
379000
374500
378300
436200
376800
376600
376700
595700
414100
396000
397300
408900
701200
1140700
1287600
1329400
557200
399200
379600
378600
382000
377800
380000
378300
375700
378800
376600
378800
376100
375700
378700
304000
379700
376900
377600
379800
304000
464300
395800
392500
380300
380300
387400
379500
383900
379700
381000
404500
1128800
651200
408000
385600
379400
380400
384700
379900
384300
380500
380300
383700
381000
385500
379700
383500
380900
379900
385600
382400
384900
380900
379900
385900
381000
502100
396700
388300
383100
381400
385800
382300
384000
381000
381500
384300
381700
570600
892100
588700
392500
385400
389500
384300
387400
383800
383900
388500
384600
388200
385800
385600
385700
386500
388300
384800
390800
382800
381700
526300
383600
388200
383000
386700
382700
382900
412100
382700
388000
384500
383900
384000
384200
212600
383900
527500
1252000
455800
397700
386100
389300
383900
383100
387400
383200
389900
385000
388800
384800
384700
391100
384100
317600
384900
385100
528800
386500
392000
385700
389500
385800
388600
390700
385300
391700
386400
389000
386500
386000
390100
386800
390700
387300
996600
789100
411100
395400
388900
391800
389400
390300
390400
390400
393000
389000
392300
389800
389100
392300
390000
515100
395500
394200
391900
389900
409500
390000
392200
210700
390800
395400
390600
393700
391400
391000
390200
389500
394400
390400
402900
1703900
820200
609700
532600
512400
517900
518500
515500
391500
393000
390700
390900
560500
392600
394700
390900
395100
389700
211200
395900
390900
394000
392800
392100
394000
393200
397200
393700
397400
393700
393100
396100
396500
909500
692600
437500
396000
395100
399100
393500
397800
393100
398400
395100
394600
398300
394700
514900
399500
399200
395000
395000
394500
394600
399600
395400
398300
396100
396000
400100
395800
399500
396500
399200
397600
396000
399700
396500
400900
506200
1030600
596400
415200
399000
397700
402500
397900
401200
398300
397600
397800
398900
471200
400000
403100
399000
402900
399400
399000
402700
398700
402400
399100
402800
400000
399400
403900
400000
404200
399700
403400
399300
397700
404000
399000
402800
1076500
674100
432000
403600
402600
402500
441900
402000
451700
313000
409000
297300
295900
295800
296300
296500
295300
299700
296000
297000
300500
297200
297200
301900
297100
297100
302900
297400
297900
302000
298500
297600
300600
298200
298500
304800
298900
299700
302500
299200
298700
302800
292300
300200
464700
850800
520000
360100
306200
304000
307100
296200
302100
450900
309300
304300
307600
274600
304200
306800
303500
301300
305600
302500
302500
279800
304800
304700
306900
303000
304300
307400
302700
303800
307700
304300
303600
308600
303600
303800
308000
304300
304000
309300
277500
307000
310000
305000
304900
308900
304800
549100
895000
424700
320400
313600
307700
276900
443800
277100
313100
307800
307900
309600
306400
308000
309800
306800
306800
309900
307400
307800
310900
307700
308600
311700
307400
307400
311200
308800
308400
311000
307900
308200
313300
307200
307700
310200
308200
307200
311100
308000
307900
310900
308400
308600
311800
518900
903800
617100
329500
375600
323400
312100
315600
309800
311400
314400
311300
311300
315000
310700
311300
314100
310500
310500
313200
310800
322000
315900
310900
312100
313800
310900
310200
313800
312300
312700
312400
312400
314600
312900
312700
334900
314100
280300
316400
314400
313200
316900
314000
314600
453700
614300
586600
458900
342500
317200
321600
314300
314100
318800
314300
313300
313300
