100 9815 18515
200 24042 74873
300 37758 153967
400 53743 467089
500 65570 401244
600 91099 728880
700 101441 783113
800 112275 1014088
900 127766 1282678
1000 144360 1569737
1100 162462 1889662
1200 177912 2243929
1300 194829 2624754
1400 210115 3048129
1500 226353 3487152
1600 246454 4003344
1700 263188 4475315
1800 279055 5008160
1900 299044 5585741
2000 314313 6242405
2100 331319 6814019
2200 349605 7501297
2300 372005 8204217
2400 389430 8920375
2500 406237 9821866
2600 429530 10471414
2700 443732 11274199
2800 460422 12080008
2900 480263 12941022
3000 497700 13883232
3100 519814 14762811
3200 536737 15717759
3300 553165 16731690
3400 574435 17749628
3500 590921 18802941
3600 606045 19945739
3700 625627 21043978
3800 647989 22203184
3900 665340 23342696
4000 685095 24578448
4100 704744 25770003
4200 725378 27044252
4300 743543 28353529
4400 759267 29723462
4500 778604 31108602
4600 798209 32534353
4700 818387 33902854
4800 840688 35278355
4900 865568 36795600
5000 879685 38454143
5100 904383 40103625
5200 914745 41403388
5300 930849 43015698
5400 952400 44762699
5500 974700 46400203
5600 996567 47980168
5700 1014020 49675287
5800 1027239 51543776
5900 1060409 53346807
6000 1073756 55121642
6100 1088597 56930596
6200 1115721 58848975
6300 1133450 60732363
6400 1153608 62972248
6500 1182070 64680840
6600 1199828 66679505
6700 1216499 68864088
6800 1236018 70857989
6900 1247453 72853708
7000 1269826 75130655
7100 1303036 77267765
7200 1338649 80969563
7300 1340721 81813580
7400 1365249 84266305
7500 1382860 87156755
7600 1394155 88628348
7700 1415992 90951943
7800 1437740 93338694
7900 1462375 95808308
8000 1478500 98271275
8100 1489696 100619884
8200 1515102 103192823
8300 1577758 108520802
8400 1598677 112644702
8500 1586168 111975316
8600 1597847 113541725
8700 1630555 116213648
8800 1634683 118873460
8900 1657959 121695599
9000 1679908 124336413
9100 1708613 127391736
9200 1720504 130064387
9300 1756126 132726650
9400 1760158 135587273
9500 1806618 140410394
9600 1836345 143399508
9700 1845452 144987341
9800 1851226 147658656
9900 1872814 150927597
